,beats,piano,bass,drums,metre_auto
0,0.3,0.33,,,1.0
1,0.51,,,,2.0
2,0.73,,,,3.0
3,0.95,,0.94,0.94,4.0
4,1.17,,,1.15,1.0
5,1.39,1.38,1.39,1.39,2.0
6,1.62,1.63,1.62,,3.0
7,1.84,,1.84,1.84,4.0
8,2.06,2.07,2.08,2.07,1.0
9,2.28,2.32,2.33,2.29,2.0
10,2.5,,2.55,2.52,3.0
11,2.72,2.74,,2.77,4.0
12,2.93,,,2.97,1.0
13,3.14,,,,2.0
14,3.34,3.34,,,3.0
15,3.55,,,,4.0
16,3.77,,,,1.0
17,3.97,,3.95,,2.0
18,4.18,4.17,,,3.0
19,4.4,4.41,4.38,,4.0
20,4.62,,4.61,4.61,1.0
21,4.84,,4.83,4.83,2.0
22,5.06,5.09,5.06,5.06,3.0
23,5.29,5.31,5.28,5.28,4.0
24,5.51,5.53,5.52,5.51,1.0
25,5.73,5.77,5.76,5.73,2.0
26,5.95,,5.98,5.97,3.0
27,6.16,,6.2,6.2,4.0
28,6.37,,,6.42,1.0
29,6.58,6.58,,6.63,2.0
30,6.79,6.79,,,3.0
31,7.0,7.02,,,4.0
32,7.2,,,7.24,1.0
33,7.41,,,,2.0
34,7.62,,,,3.0
35,7.83,,,,4.0
36,8.04,8.03,8.02,,1.0
37,8.26,8.27,8.26,8.26,2.0
38,8.48,8.48,8.46,8.47,3.0
39,8.7,8.71,8.68,8.68,4.0
40,8.92,8.94,8.92,8.91,1.0
41,9.15,9.16,9.17,9.16,2.0
42,9.36,9.34,9.38,9.37,3.0
43,9.59,9.64,9.6,9.59,4.0
44,9.8,9.79,9.82,9.8,1.0
45,10.03,10.03,10.07,10.06,2.0
46,10.25,10.23,10.29,10.26,3.0
47,10.47,10.48,10.52,10.51,4.0
48,10.69,10.7,10.73,10.71,1.0
49,10.91,10.92,10.96,10.94,2.0
50,11.13,,11.17,11.14,3.0
51,11.35,,11.39,11.37,4.0
52,11.56,11.56,,11.6,1.0
53,11.77,11.78,,,2.0
54,11.98,11.99,,,3.0
55,12.19,12.19,,,4.0
56,12.39,12.4,,,1.0
57,12.61,12.64,,,2.0
58,12.81,,,,3.0
59,13.02,,,,4.0
60,13.23,13.23,,13.21,1.0
61,13.44,13.44,,13.43,2.0
62,13.66,13.66,13.66,13.68,3.0
63,13.88,,13.87,13.88,4.0
64,14.1,,14.08,14.1,1.0
65,14.32,14.32,14.32,14.33,2.0
66,14.55,14.56,14.58,14.56,3.0
67,14.77,,14.8,14.77,4.0
68,14.99,15.01,15.03,15.01,1.0
69,15.2,15.25,15.24,15.24,2.0
70,15.41,,15.46,,3.0
71,15.61,15.6,,15.62,4.0
72,15.83,15.83,,,1.0
73,16.03,,,,2.0
74,16.24,,,16.29,3.0
75,16.45,,,,4.0
76,16.66,,,,1.0
77,16.87,,,,2.0
78,17.08,17.06,17.07,,3.0
79,17.3,,,,4.0
80,17.52,,,,1.0
81,17.74,,,17.72,2.0
82,17.96,17.96,17.94,17.94,3.0
83,18.18,18.17,18.2,18.2,4.0
84,18.4,,,18.41,1.0
85,18.63,18.63,18.62,18.64,2.0
86,18.84,,18.82,18.85,3.0
87,19.07,,19.08,19.11,4.0
88,19.29,19.31,19.3,19.3,1.0
89,19.51,19.51,19.56,19.51,2.0
90,19.72,19.72,,19.73,3.0
91,19.95,19.94,,19.98,4.0
92,20.17,20.16,20.2,20.18,1.0
93,20.39,20.38,20.42,20.4,2.0
94,20.61,20.61,20.63,20.59,3.0
95,20.83,20.84,20.85,20.82,4.0
96,21.05,21.05,21.07,21.06,1.0
97,21.27,21.27,,21.26,2.0
98,21.49,21.49,,21.49,3.0
99,21.71,21.74,,21.75,4.0
100,21.93,,21.98,21.96,1.0
101,22.15,,22.15,22.19,2.0
102,22.36,,,22.4,3.0
103,22.57,22.59,,22.55,4.0
104,22.78,,,22.78,1.0
105,22.98,,,,2.0
106,23.2,,,,3.0
107,23.41,23.44,,,4.0
108,23.61,,,,1.0
109,23.82,,,,2.0
110,24.03,24.01,,,3.0
111,24.24,,24.25,,4.0
112,24.47,24.48,24.46,,1.0
113,24.68,24.71,24.68,,2.0
114,24.9,24.92,24.92,24.88,3.0
115,25.13,25.15,25.13,,4.0
116,25.35,25.34,25.35,25.36,1.0
117,25.56,25.54,25.54,25.57,2.0
118,25.79,25.81,25.8,25.78,3.0
119,26.0,,26.01,26.0,4.0
120,26.22,26.22,26.24,26.25,1.0
121,26.44,26.47,26.44,26.45,2.0
122,26.66,26.64,26.67,26.68,3.0
123,26.89,26.9,26.9,26.89,4.0
124,27.11,27.12,27.13,27.12,1.0
125,27.33,27.33,27.34,27.35,2.0
126,27.55,27.57,27.56,,3.0
127,27.77,27.78,27.78,27.79,4.0
128,27.98,28.0,28.01,28.0,1.0
129,28.19,28.17,28.21,28.22,2.0
130,28.39,28.39,,,3.0
131,28.61,28.64,,,4.0
132,28.81,28.79,,,1.0
133,29.03,29.03,,,2.0
134,29.24,29.25,,,3.0
135,29.45,29.5,,29.46,4.0
136,29.66,,,,1.0
137,29.86,,,,2.0
138,30.07,,,,3.0
139,30.28,,,,4.0
140,30.49,30.51,,,1.0
141,30.7,30.71,30.69,,2.0
142,30.91,,30.91,,3.0
143,31.12,,31.13,31.1,4.0
144,31.34,31.32,31.33,31.33,1.0
145,31.56,31.57,31.6,31.57,2.0
146,31.78,,31.79,31.77,3.0
147,32.01,,32.01,32.01,4.0
148,32.23,,32.21,32.23,1.0
149,32.44,32.45,32.44,32.45,2.0
150,32.66,32.68,32.66,32.65,3.0
151,32.89,32.88,,32.9,4.0
152,33.11,,33.09,33.13,1.0
153,33.33,,33.34,33.34,2.0
154,33.54,,33.57,33.54,3.0
155,33.77,33.79,33.79,33.78,4.0
156,33.98,33.97,34.01,33.99,1.0
157,34.18,34.18,,,2.0
158,34.4,34.41,,,3.0
159,34.61,34.66,,,4.0
160,34.82,,,34.87,1.0
161,35.02,,,,2.0
162,35.24,,,35.24,3.0
163,35.44,,,,4.0
164,35.65,,,,1.0
165,35.86,,,,2.0
166,36.07,,,,3.0
167,36.28,36.31,,,4.0
168,36.49,36.47,,36.47,1.0
169,36.7,36.69,36.69,36.68,2.0
170,36.92,36.91,36.93,36.92,3.0
171,37.14,37.18,37.14,37.13,4.0
172,37.36,37.36,37.37,37.37,1.0
173,37.58,37.58,37.59,37.58,2.0
174,37.81,37.85,37.83,37.81,3.0
175,38.03,38.02,38.05,38.03,4.0
176,38.25,38.24,38.28,38.27,1.0
177,38.47,38.46,38.49,38.47,2.0
178,38.69,38.69,38.71,38.7,3.0
179,38.91,38.91,38.93,38.92,4.0
180,39.13,,39.14,39.13,1.0
181,39.35,,39.36,39.35,2.0
182,39.56,39.55,39.61,,3.0
183,39.78,39.78,39.81,39.78,4.0
184,40.0,39.98,40.04,40.0,1.0
185,40.23,40.23,40.24,40.21,2.0
186,40.45,,40.47,40.46,3.0
187,40.66,40.67,40.69,40.65,4.0
188,40.88,,40.92,40.86,1.0
189,41.1,,41.13,41.08,2.0
190,41.33,41.33,41.36,,3.0
191,41.54,41.54,41.55,,4.0
192,41.76,,41.77,,1.0
193,41.98,,41.97,,2.0
194,42.2,42.21,42.18,,3.0
195,42.42,,,42.4,4.0
196,42.64,42.62,,,1.0
197,42.86,42.87,42.85,,2.0
198,43.08,43.06,43.09,43.08,3.0
199,43.3,43.28,43.31,43.28,4.0
200,43.53,43.54,43.53,43.52,1.0
201,43.74,,43.76,43.72,2.0
202,43.97,43.98,,43.97,3.0
203,44.18,44.18,44.19,44.16,4.0
204,44.4,44.39,44.42,44.39,1.0
205,44.63,,44.64,44.61,2.0
206,44.85,,44.87,44.86,3.0
207,45.07,,45.09,45.07,4.0
208,45.29,45.34,45.29,45.31,1.0
209,45.51,45.53,45.52,45.49,2.0
210,45.73,45.74,45.73,45.73,3.0
211,45.94,45.97,45.95,45.93,4.0
212,46.16,46.18,46.17,46.16,1.0
213,46.38,,46.4,46.37,2.0
214,46.6,46.59,46.63,46.6,3.0
215,46.82,,46.83,46.82,4.0
216,47.05,47.05,47.07,47.05,1.0
217,47.26,47.27,47.29,47.24,2.0
218,47.48,,47.51,47.48,3.0
219,47.71,47.71,47.72,47.7,4.0
220,47.93,47.93,47.96,47.93,1.0
221,48.15,48.14,48.17,48.16,2.0
222,48.37,48.37,48.38,48.41,3.0
223,48.59,48.6,48.61,48.59,4.0
224,48.8,48.79,,48.81,1.0
225,49.02,49.01,49.05,49.02,2.0
226,49.24,49.24,49.27,49.25,3.0
227,49.46,49.45,49.47,49.45,4.0
228,49.68,49.71,49.69,49.67,1.0
229,49.9,49.93,49.9,49.89,2.0
230,50.12,50.14,50.15,50.12,3.0
231,50.34,50.38,50.36,50.34,4.0
232,50.57,50.6,50.6,50.59,1.0
233,50.79,50.82,50.81,50.79,2.0
234,51.01,51.05,51.03,51.03,3.0
235,51.23,51.28,51.24,51.26,4.0
236,51.45,51.47,51.44,51.46,1.0
237,51.67,51.68,51.7,51.69,2.0
238,51.88,51.88,51.9,,3.0
239,52.11,,52.14,52.13,4.0
240,52.33,52.33,52.37,52.35,1.0
241,52.55,,52.57,52.56,2.0
242,52.77,52.78,52.81,,3.0
243,52.99,53.0,52.99,53.01,4.0
244,53.21,53.22,53.24,53.23,1.0
245,53.43,53.44,53.46,53.43,2.0
246,53.65,53.69,53.67,53.66,3.0
247,53.87,53.87,53.9,53.88,4.0
248,54.09,54.09,54.12,54.09,1.0
249,54.31,54.32,54.33,54.3,2.0
250,54.53,54.54,54.55,54.53,3.0
251,54.75,54.76,54.75,,4.0
252,54.96,55.0,54.98,54.96,1.0
253,55.18,55.18,55.19,55.17,2.0
254,55.4,55.41,55.42,55.4,3.0
255,55.6,55.64,55.61,55.59,4.0
256,55.83,55.85,55.83,55.82,1.0
257,56.04,56.05,56.04,56.02,2.0
258,56.25,,56.26,56.25,3.0
259,56.47,56.51,,56.47,4.0
260,56.7,56.71,,56.7,1.0
261,56.91,56.94,,56.91,2.0
262,57.12,57.12,,57.14,3.0
263,57.34,57.35,57.35,57.34,4.0
264,57.57,57.6,,57.57,1.0
265,57.78,57.8,57.76,57.77,2.0
266,58.01,58.02,58.01,58.04,3.0
267,58.23,58.25,58.23,58.23,4.0
268,58.43,58.43,,58.47,1.0
269,58.66,58.64,58.65,58.67,2.0
270,58.88,,58.9,58.88,3.0
271,59.09,,59.1,59.09,4.0
272,59.32,59.33,59.32,59.32,1.0
273,59.53,,59.54,59.53,2.0
274,59.76,,59.78,59.77,3.0
275,59.98,,59.97,59.99,4.0
276,60.2,60.2,60.22,60.22,1.0
277,60.41,60.41,60.43,60.41,2.0
278,60.63,60.63,60.64,60.63,3.0
279,60.86,60.88,60.86,60.86,4.0
280,61.08,61.09,61.1,61.09,1.0
281,61.3,61.31,61.32,61.29,2.0
282,61.52,,61.53,61.54,3.0
283,61.74,61.77,61.74,61.74,4.0
284,61.95,61.99,61.97,61.95,1.0
285,62.17,62.19,62.19,62.17,2.0
286,62.38,62.4,62.38,62.38,3.0
287,62.6,62.6,62.63,62.6,4.0
288,62.83,62.84,62.85,62.83,1.0
289,63.04,63.04,63.07,63.04,2.0
290,63.26,63.27,63.28,63.27,3.0
291,63.48,63.49,63.49,63.47,4.0
292,63.7,63.72,,63.69,1.0
293,63.92,63.95,,63.91,2.0
294,64.14,64.16,,64.13,3.0
295,64.36,64.35,64.39,64.36,4.0
296,64.59,64.61,64.61,64.6,1.0
297,64.8,64.8,64.82,64.81,2.0
298,65.03,65.04,65.03,65.03,3.0
299,65.25,,,65.26,4.0
300,65.46,65.44,,65.51,1.0
301,65.68,,65.68,65.68,2.0
302,65.9,,65.93,65.9,3.0
303,66.12,,66.14,66.11,4.0
304,66.34,,66.37,66.33,1.0
305,66.57,66.57,66.61,,2.0
306,66.79,66.82,66.81,66.78,3.0
307,67.01,67.01,67.04,,4.0
308,67.21,67.22,67.23,67.21,1.0
309,67.42,,67.42,67.42,2.0
310,67.65,,67.65,67.65,3.0
311,67.85,,67.87,67.84,4.0
312,68.07,68.07,68.08,68.07,1.0
313,68.29,68.32,68.31,68.29,2.0
314,68.52,68.52,68.53,68.5,3.0
315,68.73,68.76,68.74,68.72,4.0
316,68.95,68.96,68.96,68.96,1.0
317,69.17,69.19,69.17,69.16,2.0
318,69.39,69.43,69.41,69.39,3.0
319,69.61,69.64,69.63,69.6,4.0
320,69.84,,69.86,69.84,1.0
321,70.04,,70.07,70.04,2.0
322,70.26,70.25,70.28,70.27,3.0
323,70.49,,70.5,70.49,4.0
324,70.69,,70.7,70.69,1.0
325,70.92,70.91,70.92,70.92,2.0
326,71.13,,71.14,71.13,3.0
327,71.35,71.35,71.36,71.35,4.0
328,71.57,71.57,71.57,71.57,1.0
329,71.8,71.8,71.8,71.8,2.0
330,72.02,72.05,72.0,72.03,3.0
331,72.24,72.25,72.22,72.24,4.0
332,72.46,72.47,72.46,72.47,1.0
333,72.68,72.69,72.68,72.68,2.0
334,72.9,72.94,72.9,72.91,3.0
335,73.11,73.15,73.14,73.11,4.0
336,73.34,73.35,73.35,73.33,1.0
337,73.55,73.59,73.58,73.54,2.0
338,73.78,73.8,73.8,73.78,3.0
339,73.99,74.01,74.0,73.99,4.0
340,74.22,74.2,74.23,74.23,1.0
341,74.44,,74.45,74.44,2.0
342,74.66,74.68,74.69,74.68,3.0
343,74.88,74.91,74.89,74.88,4.0
344,75.1,,75.13,75.12,1.0
345,75.32,75.31,75.33,75.32,2.0
346,75.53,75.51,75.54,75.54,3.0
347,75.74,,75.75,75.74,4.0
348,75.96,75.95,75.97,75.96,1.0
349,76.16,76.19,76.21,76.16,2.0
350,76.39,,76.41,76.39,3.0
351,76.6,76.6,,76.59,4.0
352,76.82,76.82,76.84,76.82,1.0
353,77.04,,77.06,77.03,2.0
354,77.26,77.26,77.28,77.26,3.0
355,77.48,77.48,77.51,77.47,4.0
356,77.71,77.72,,77.69,1.0
357,77.92,77.97,77.91,77.91,2.0
358,78.15,78.16,78.17,78.17,3.0
359,78.37,78.35,,78.38,4.0
360,78.59,,78.61,78.61,1.0
361,78.8,78.81,78.8,78.8,2.0
362,79.02,79.02,79.04,79.03,3.0
363,79.24,,79.24,79.24,4.0
364,79.46,,79.44,79.46,1.0
365,79.68,79.68,79.68,79.67,2.0
366,79.91,79.91,79.92,79.92,3.0
367,80.13,80.13,80.13,80.13,4.0
368,80.35,80.36,80.34,80.36,1.0
369,80.57,,80.58,80.57,2.0
370,80.79,,80.79,80.81,3.0
371,81.01,81.01,81.0,81.01,4.0
372,81.22,81.23,81.23,81.23,1.0
373,81.44,,81.46,81.44,2.0
374,81.65,,81.68,81.66,3.0
375,81.87,81.89,81.88,81.86,4.0
376,82.08,,82.09,82.09,1.0
377,82.3,82.3,82.31,82.29,2.0
378,82.53,82.54,82.55,82.52,3.0
379,82.73,,82.75,82.73,4.0
380,82.95,,,82.95,1.0
381,83.16,83.17,83.17,83.15,2.0
382,83.38,,83.4,83.37,3.0
383,83.58,,83.6,83.58,4.0
384,83.8,83.78,83.83,83.8,1.0
385,84.0,83.98,84.03,84.0,2.0
386,84.23,,84.25,84.23,3.0
387,84.44,84.45,84.46,84.44,4.0
388,84.66,84.66,84.67,84.66,1.0
389,84.87,,84.89,84.87,2.0
390,85.09,85.1,85.1,85.09,3.0
391,85.31,85.33,85.31,85.31,4.0
392,85.53,85.53,85.54,85.54,1.0
393,85.74,85.77,85.75,85.74,2.0
394,85.97,85.98,85.96,85.96,3.0
395,86.18,86.19,86.19,86.18,4.0
396,86.41,,,86.42,1.0
397,86.63,86.64,86.63,86.63,2.0
398,86.85,86.87,86.86,86.86,3.0
399,87.07,87.06,87.08,87.07,4.0
400,87.29,87.28,87.28,87.3,1.0
401,87.5,87.5,87.49,87.51,2.0
402,87.73,87.73,87.73,87.74,3.0
403,87.94,,87.92,87.94,4.0
404,88.15,88.15,88.17,88.16,1.0
405,88.36,88.35,,88.37,2.0
406,88.59,88.58,88.61,88.61,3.0
407,88.8,,88.81,88.8,4.0
408,89.01,,89.03,89.01,1.0
409,89.21,89.2,89.24,89.22,2.0
410,89.44,89.46,89.45,89.44,3.0
411,89.64,89.65,89.65,89.64,4.0
412,89.86,89.87,89.88,89.87,1.0
413,90.07,,90.1,90.07,2.0
414,90.3,90.32,90.31,90.3,3.0
415,90.51,,90.53,90.5,4.0
416,90.73,90.74,90.74,90.74,1.0
417,90.94,,90.95,90.94,2.0
418,91.16,,91.17,91.17,3.0
419,91.38,,91.38,91.39,4.0
420,91.6,91.64,91.6,91.6,1.0
421,91.82,91.85,91.8,91.81,2.0
422,92.05,92.07,92.08,92.04,3.0
423,92.26,92.28,92.26,92.26,4.0
424,92.49,92.49,92.5,92.49,1.0
425,92.71,92.7,92.72,92.71,2.0
426,92.92,,92.94,92.96,3.0
427,93.13,93.12,93.13,93.15,4.0
428,93.35,,93.37,93.37,1.0
429,93.57,,93.56,93.57,2.0
430,93.79,,93.78,93.8,3.0
431,94.0,94.01,94.02,94.01,4.0
432,94.22,94.2,94.24,94.23,1.0
433,94.43,94.42,94.46,94.44,2.0
434,94.65,,,94.66,3.0
435,94.86,94.84,94.86,94.86,4.0
436,95.09,,95.11,95.09,1.0
437,95.31,95.31,95.32,95.29,2.0
438,95.52,,95.53,95.54,3.0
439,95.73,95.78,95.74,95.73,4.0
440,95.94,95.98,95.98,95.94,1.0
441,96.14,96.14,96.18,96.14,2.0
442,96.36,96.38,96.39,96.36,3.0
443,96.56,,96.6,96.56,4.0
444,96.77,96.75,96.81,96.77,1.0
445,96.98,,97.02,96.98,2.0
446,97.2,97.23,97.24,97.2,3.0
447,97.4,97.41,,97.4,4.0
448,97.62,97.64,97.66,97.62,1.0
449,97.83,97.82,97.88,97.83,2.0
450,98.06,98.09,98.08,98.06,3.0
451,98.26,98.25,,98.27,4.0
452,98.47,98.45,,98.5,1.0
453,98.69,98.68,,98.7,2.0
454,98.92,98.9,,98.93,3.0
455,99.12,99.13,99.1,99.14,4.0
456,99.34,99.33,99.33,99.36,1.0
457,99.55,,99.57,99.56,2.0
458,99.78,99.83,99.79,99.78,3.0
459,99.99,,100.01,100.0,4.0
460,100.21,,100.22,100.22,1.0
461,100.43,100.48,100.44,100.43,2.0
462,100.65,100.68,100.67,100.66,3.0
463,100.86,,100.87,100.86,4.0
464,101.07,101.08,,101.08,1.0
465,101.29,101.32,101.29,101.28,2.0
466,101.51,,101.51,101.52,3.0
467,101.73,101.72,101.73,101.73,4.0
468,101.94,101.94,101.96,101.95,1.0
469,102.16,102.17,102.18,102.16,2.0
470,102.38,102.38,102.4,102.39,3.0
471,102.59,,102.58,102.6,4.0
472,102.81,102.81,102.82,102.82,1.0
473,103.02,103.0,103.02,103.02,2.0
474,103.23,103.24,103.25,103.24,3.0
475,103.44,103.42,103.47,103.44,4.0
476,103.67,103.68,103.68,103.66,1.0
477,103.87,103.87,103.89,103.87,2.0
478,104.09,104.07,104.1,104.09,3.0
479,104.29,104.31,104.29,104.29,4.0
480,104.51,,104.52,104.52,1.0
481,104.72,104.7,104.73,104.72,2.0
482,104.93,104.97,104.96,104.93,3.0
483,105.14,105.18,105.17,105.13,4.0
484,105.37,105.39,105.36,105.37,1.0
485,105.59,,105.6,105.58,2.0
486,105.81,105.8,105.82,105.81,3.0
487,106.02,106.0,106.04,106.02,4.0
488,106.24,106.24,106.25,106.25,1.0
489,106.46,106.46,106.46,106.46,2.0
490,106.68,106.68,106.66,106.68,3.0
491,106.89,106.89,106.91,106.89,4.0
492,107.11,107.12,107.1,107.12,1.0
493,107.33,107.33,107.32,107.33,2.0
494,107.55,107.55,107.55,107.56,3.0
495,107.76,107.77,107.77,107.76,4.0
496,107.98,108.01,107.99,107.98,1.0
497,108.19,108.23,108.2,108.19,2.0
498,108.41,108.43,108.42,108.41,3.0
499,108.62,108.66,,108.62,4.0
500,108.85,108.88,108.86,108.85,1.0
501,109.07,109.09,109.09,109.06,2.0
502,109.29,109.3,109.31,109.29,3.0
503,109.5,109.53,109.51,109.5,4.0
504,109.71,,109.69,109.72,1.0
505,109.93,109.96,109.93,109.93,2.0
506,110.15,110.16,110.15,110.15,3.0
507,110.36,110.38,110.36,110.37,4.0
508,110.59,110.6,110.59,110.59,1.0
509,110.8,110.8,110.79,110.8,2.0
510,111.01,111.0,111.01,111.02,3.0
511,111.22,111.21,111.22,111.23,4.0
512,111.43,111.42,111.43,111.44,1.0
513,111.65,111.65,111.65,111.65,2.0
514,111.87,111.87,111.88,111.87,3.0
515,112.07,112.07,112.09,112.07,4.0
516,112.29,112.28,112.29,112.29,1.0
517,112.51,112.52,112.51,112.51,2.0
518,112.73,112.73,112.73,112.76,3.0
519,112.93,112.93,112.96,112.93,4.0
520,113.16,113.15,113.17,113.15,1.0
521,113.36,113.36,113.39,113.36,2.0
522,113.59,113.59,113.6,113.59,3.0
523,113.81,,113.82,113.81,4.0
524,114.02,114.02,114.03,114.02,1.0
525,114.23,114.26,114.25,114.23,2.0
526,114.46,114.46,114.47,114.46,3.0
527,114.67,,114.68,114.67,4.0
528,114.89,114.87,114.9,114.89,1.0
529,115.1,,115.1,115.1,2.0
530,115.32,115.31,115.35,115.32,3.0
531,115.52,115.5,115.53,115.53,4.0
532,115.73,115.72,115.76,115.74,1.0
533,115.94,115.93,115.98,115.94,2.0
534,116.17,,116.18,116.17,3.0
535,116.38,,116.4,116.37,4.0
536,116.6,116.59,,116.6,1.0
537,116.8,116.79,116.82,116.8,2.0
538,117.01,117.0,117.04,117.02,3.0
539,117.23,,117.25,117.22,4.0
540,117.44,,117.47,117.47,1.0
541,117.65,,117.65,117.65,2.0
542,117.86,117.87,117.88,117.87,3.0
543,118.07,118.08,118.09,118.07,4.0
544,118.29,118.32,118.31,118.29,1.0
545,118.51,,118.5,118.51,2.0
546,118.73,118.75,118.73,118.73,3.0
547,118.94,118.96,118.93,118.94,4.0
548,119.16,119.18,119.15,119.17,1.0
549,119.37,119.39,119.36,119.37,2.0
550,119.6,119.65,119.59,119.61,3.0
551,119.81,,119.81,119.81,4.0
552,120.03,120.08,120.03,120.04,1.0
553,120.25,,120.25,120.25,2.0
554,120.48,120.5,,120.49,3.0
555,120.69,120.7,120.7,120.7,4.0
556,120.92,120.93,120.91,120.93,1.0
557,121.13,121.13,121.14,121.14,2.0
558,121.36,121.38,121.35,121.38,3.0
559,121.56,121.54,121.56,121.57,4.0
560,121.79,121.79,121.79,121.8,1.0
561,122.0,122.02,122.01,122.0,2.0
562,122.21,122.2,122.23,122.22,3.0
563,122.41,122.39,122.42,122.42,4.0
564,122.64,122.64,122.63,122.65,1.0
565,122.85,122.87,122.86,122.84,2.0
566,123.06,,123.07,123.07,3.0
567,123.27,123.26,123.27,123.27,4.0
568,123.49,,123.51,123.49,1.0
569,123.69,,123.7,123.69,2.0
570,123.92,123.91,123.94,123.95,3.0
571,124.12,124.11,124.16,124.13,4.0
572,124.34,,124.35,124.34,1.0
573,124.54,124.54,124.57,124.54,2.0
574,124.75,124.76,124.78,124.75,3.0
575,124.96,,124.98,124.96,4.0
576,125.18,125.17,125.19,125.18,1.0
577,125.38,125.39,125.39,125.38,2.0
578,125.6,,125.61,125.61,3.0
579,125.81,125.82,125.81,125.82,4.0
580,126.03,126.03,126.03,126.03,1.0
581,126.24,,126.25,126.24,2.0
582,126.46,126.46,126.49,126.46,3.0
583,126.66,126.67,126.66,126.66,4.0
584,126.88,,,126.88,1.0
585,127.08,127.1,127.08,127.08,2.0
586,127.3,127.31,127.28,127.3,3.0
587,127.51,,127.51,127.51,4.0
588,127.72,127.74,127.72,127.73,1.0
589,127.93,127.96,127.93,127.93,2.0
590,128.15,128.15,128.15,128.15,3.0
591,128.36,128.36,128.36,128.36,4.0
592,128.58,128.57,128.57,128.59,1.0
593,128.79,128.8,128.79,128.79,2.0
594,129.01,129.02,129.01,129.03,3.0
595,129.23,129.23,129.23,129.23,4.0
596,129.45,129.44,,129.46,1.0
597,129.66,129.67,129.65,129.66,2.0
598,129.88,129.88,129.87,129.88,3.0
599,130.09,130.11,130.09,130.08,4.0
600,130.31,130.32,130.3,130.31,1.0
601,130.51,130.5,130.52,130.52,2.0
602,130.74,,130.77,130.74,3.0
603,130.95,130.95,,130.95,4.0
604,131.15,131.14,131.16,131.16,1.0
605,131.37,131.37,131.35,131.38,2.0
606,131.57,131.57,131.6,131.61,3.0
607,131.8,131.79,131.79,131.8,4.0
608,132.01,132.01,131.99,132.02,1.0
609,132.22,132.23,132.23,132.22,2.0
610,132.44,132.46,132.45,132.44,3.0
611,132.65,132.66,132.66,132.65,4.0
612,132.86,132.87,132.86,132.87,1.0
613,133.08,,133.09,133.08,2.0
614,133.29,133.29,133.3,133.29,3.0
615,133.49,133.49,133.51,133.49,4.0
616,133.71,133.71,133.71,133.72,1.0
617,133.93,133.98,133.94,133.93,2.0
618,134.14,134.15,134.17,134.15,3.0
619,134.35,134.36,134.36,134.35,4.0
620,134.55,134.6,,134.54,1.0
621,134.77,134.81,134.79,134.76,2.0
622,135.0,135.01,135.01,135.0,3.0
623,135.22,135.22,135.23,135.22,4.0
624,135.43,135.43,135.45,135.45,1.0
625,135.66,135.71,135.68,135.66,2.0
626,135.87,135.86,135.88,135.88,3.0
627,136.09,136.09,136.1,136.08,4.0
628,136.3,136.32,136.31,136.3,1.0
629,136.51,136.53,136.52,136.5,2.0
630,136.72,136.77,,136.72,3.0
631,136.92,136.91,136.95,136.92,4.0
632,137.15,137.18,137.16,137.15,1.0
633,137.35,137.38,137.35,137.35,2.0
634,137.58,137.61,137.57,137.58,3.0
635,137.78,137.8,137.79,137.78,4.0
636,138.0,138.0,138.01,138.0,1.0
637,138.21,138.22,138.22,138.2,2.0
638,138.43,138.44,138.44,138.42,3.0
639,138.63,138.66,138.64,138.63,4.0
640,138.86,138.88,138.86,138.88,1.0
641,139.06,139.06,139.06,139.06,2.0
642,139.27,139.26,139.28,139.27,3.0
643,139.49,139.49,139.49,139.49,4.0
644,139.7,139.68,139.71,139.71,1.0
645,139.93,139.94,139.95,139.93,2.0
646,140.14,140.15,140.14,140.14,3.0
647,140.34,,140.35,140.34,4.0
648,140.55,140.54,140.58,140.56,1.0
649,140.76,140.76,140.78,140.76,2.0
650,140.98,140.97,141.01,140.98,3.0
651,141.19,141.18,141.23,141.19,4.0
652,141.41,141.4,141.44,141.4,1.0
653,141.62,141.63,141.65,141.61,2.0
654,141.84,141.83,141.86,141.84,3.0
655,142.05,142.06,142.07,142.05,4.0
656,142.28,142.26,142.3,142.28,1.0
657,142.48,142.47,142.49,142.49,2.0
658,142.7,142.69,142.7,142.71,3.0
659,142.91,142.92,,142.91,4.0
660,143.12,143.11,143.16,143.13,1.0
661,143.34,143.33,143.36,143.34,2.0
662,143.56,143.55,143.56,143.55,3.0
663,143.77,143.77,143.81,143.77,4.0
664,143.98,143.98,143.98,143.99,1.0
665,144.2,144.19,144.21,144.19,2.0
666,144.42,,144.42,144.42,3.0
667,144.62,144.62,144.63,144.63,4.0
668,144.85,144.85,144.84,144.85,1.0
669,145.05,145.07,145.05,145.06,2.0
670,145.28,145.27,145.28,145.29,3.0
671,145.48,145.46,145.5,145.48,4.0
672,145.7,145.7,145.71,145.7,1.0
673,145.91,,145.9,145.91,2.0
674,146.11,146.12,146.11,146.13,3.0
675,146.33,,146.33,146.34,4.0
676,146.55,,146.54,146.56,1.0
677,146.76,146.79,,146.76,2.0
678,146.97,,,146.98,3.0
679,147.18,147.2,147.19,147.19,4.0
680,147.39,,147.39,147.38,1.0
681,147.61,147.62,147.62,147.6,2.0
682,147.83,,147.83,147.85,3.0
683,148.04,,148.06,148.04,4.0
684,148.24,148.23,,148.27,1.0
685,148.45,,148.45,148.45,2.0
686,148.67,148.66,148.68,,3.0
687,148.87,,148.89,148.87,4.0
688,149.09,149.11,149.09,149.09,1.0
689,149.29,,,149.29,2.0
690,149.52,,149.53,149.52,3.0
691,149.72,149.72,149.77,149.72,4.0
692,149.94,149.95,149.98,149.95,1.0
693,150.15,150.18,150.14,150.15,2.0
694,150.37,150.41,150.38,150.37,3.0
695,150.59,150.63,150.58,150.59,4.0
696,150.81,150.83,150.8,150.81,1.0
697,151.02,151.05,151.02,151.02,2.0
698,151.25,,151.24,151.26,3.0
699,151.45,151.46,151.45,151.46,4.0
700,151.67,151.67,151.67,151.66,1.0
701,151.88,151.9,151.87,151.88,2.0
702,152.1,152.14,152.08,152.11,3.0
703,152.31,152.32,152.3,152.3,4.0
704,152.52,152.53,152.53,152.53,1.0
705,152.73,,152.74,152.73,2.0
706,152.94,152.94,152.96,152.95,3.0
707,153.15,153.14,153.16,153.16,4.0
708,153.38,153.42,153.38,153.39,1.0
709,153.6,153.6,,153.62,2.0
710,153.8,153.79,153.8,153.82,3.0
711,154.02,,154.02,154.03,4.0
712,154.23,154.22,154.21,154.25,1.0
713,154.44,154.43,154.49,154.44,2.0
714,154.65,154.64,154.7,154.65,3.0
715,154.88,,154.9,154.88,4.0
716,155.1,155.11,155.12,155.09,1.0
717,155.31,155.31,155.32,155.31,2.0
718,155.52,155.52,155.53,155.54,3.0
719,155.72,155.7,155.73,155.72,4.0
720,155.94,155.95,155.94,155.95,1.0
721,156.16,156.17,156.17,156.17,2.0
722,156.37,156.39,156.39,156.37,3.0
723,156.57,156.61,156.59,156.57,4.0
724,156.8,156.82,156.82,156.8,1.0
725,157.0,157.05,157.01,157.0,2.0
726,157.22,157.26,157.22,157.22,3.0
727,157.43,157.44,157.42,157.43,4.0
728,157.64,157.64,157.66,157.68,1.0
729,157.85,157.84,157.84,157.87,2.0
730,158.06,158.04,158.08,158.07,3.0
731,158.27,158.26,158.3,158.28,4.0
732,158.47,158.51,158.49,158.47,1.0
733,158.69,,158.7,158.68,2.0
734,158.89,158.9,158.92,158.89,3.0
735,159.1,159.08,159.11,159.09,4.0
736,159.31,,159.34,159.31,1.0
737,159.52,159.52,159.54,159.5,2.0
738,159.73,159.76,159.77,159.73,3.0
739,159.94,,159.96,159.94,4.0
740,160.15,160.19,160.18,160.14,1.0
741,160.37,,160.4,160.37,2.0
742,160.59,160.6,160.6,160.57,3.0
743,160.81,,160.79,160.81,4.0
744,161.02,161.05,,161.02,1.0
745,161.23,161.25,161.22,161.25,2.0
746,161.43,161.44,161.46,161.43,3.0
747,161.64,161.62,161.67,161.63,4.0
748,161.87,161.89,161.89,161.87,1.0
749,162.09,162.13,162.12,162.08,2.0
750,162.31,,162.33,162.31,3.0
751,162.51,162.55,162.54,162.51,4.0
752,162.73,162.74,162.75,162.73,1.0
753,162.95,,162.96,162.95,2.0
754,163.16,163.16,163.17,163.16,3.0
755,163.36,,163.37,163.36,4.0
756,163.58,163.63,163.62,163.58,1.0
757,163.78,,163.83,163.77,2.0
758,163.99,164.02,164.03,163.99,3.0
759,164.2,,164.22,164.19,4.0
760,164.41,164.4,,164.41,1.0
761,164.63,164.63,164.63,164.63,2.0
762,164.84,,164.85,164.85,3.0
763,165.05,165.03,165.06,165.05,4.0
764,165.25,165.25,165.28,165.26,1.0
765,165.46,165.44,165.48,165.47,2.0
766,165.68,,,165.68,3.0
767,165.89,,165.89,165.89,4.0
768,166.1,,166.1,166.1,1.0
769,166.3,,166.31,166.3,2.0
770,166.51,166.49,166.53,166.52,3.0
771,166.72,166.74,166.73,166.72,4.0
772,166.93,166.95,166.94,166.93,1.0
773,167.16,167.18,167.18,167.15,2.0
774,167.37,167.38,167.37,167.37,3.0
775,167.58,167.6,167.58,167.58,4.0
776,167.81,167.82,167.8,167.81,1.0
777,168.02,168.04,168.02,168.02,2.0
778,168.24,168.24,168.24,168.25,3.0
779,168.46,,168.47,168.46,4.0
780,168.68,,168.67,168.69,1.0
781,168.89,168.91,168.88,168.88,2.0
782,169.11,169.1,169.1,169.11,3.0
783,169.31,169.3,169.33,169.32,4.0
784,169.53,169.51,169.54,169.54,1.0
785,169.74,169.73,169.75,169.75,2.0
786,169.95,169.93,169.96,169.96,3.0
787,170.17,170.19,170.15,170.17,4.0
788,170.39,170.44,,170.4,1.0
789,170.6,,170.61,170.6,2.0
790,170.82,,170.82,170.83,3.0
791,171.02,,171.03,171.02,4.0
792,171.23,171.21,171.23,171.26,1.0
793,171.46,171.51,171.45,171.46,2.0
794,171.67,171.71,,171.69,3.0
795,171.87,,171.88,171.87,4.0
796,172.09,172.07,172.1,172.1,1.0
797,172.29,172.28,172.3,172.29,2.0
798,172.5,172.49,172.53,172.51,3.0
799,172.71,,172.75,172.71,4.0
800,172.92,172.91,172.96,172.93,1.0
801,173.13,,173.14,173.12,2.0
802,173.35,173.36,173.38,173.35,3.0
803,173.56,,173.56,173.56,4.0
804,173.77,,173.78,173.77,1.0
805,173.99,174.0,173.99,173.99,2.0
806,174.21,,174.21,174.21,3.0
807,174.42,174.45,174.43,174.42,4.0
808,174.63,174.62,174.63,174.65,1.0
809,174.85,174.88,174.84,174.85,2.0
810,175.06,175.07,175.08,175.07,3.0
811,175.27,,175.28,175.27,4.0
812,175.49,175.48,175.5,175.5,1.0
813,175.7,175.69,175.71,175.7,2.0
814,175.92,175.93,175.92,175.92,3.0
815,176.14,,176.16,176.14,4.0
816,176.36,176.36,176.36,176.36,1.0
817,176.57,,176.58,176.57,2.0
818,176.78,,176.78,176.78,3.0
819,177.0,177.02,177.01,177.0,4.0
820,177.22,,177.21,177.22,1.0
821,177.43,177.47,177.44,177.43,2.0
822,177.65,177.64,177.66,177.65,3.0
823,177.86,,177.86,177.87,4.0
824,178.09,178.11,,178.09,1.0
825,178.3,178.31,178.3,178.29,2.0
826,178.51,178.56,178.51,178.51,3.0
827,178.72,178.73,178.72,178.72,4.0
828,178.92,178.9,178.92,178.93,1.0
829,179.15,,179.16,179.15,2.0
830,179.36,179.36,179.35,179.38,3.0
831,179.58,,179.58,179.57,4.0
832,179.79,,179.79,179.8,1.0
833,180.0,180.01,180.0,180.0,2.0
834,180.22,180.24,180.21,180.22,3.0
835,180.43,180.46,,180.41,4.0
836,180.65,180.67,180.64,180.66,1.0
837,180.87,,180.87,180.88,2.0
838,181.1,181.1,181.08,181.1,3.0
839,181.31,,181.29,181.31,4.0
840,181.53,,,181.54,1.0
841,181.74,181.74,181.76,181.74,2.0
842,181.97,181.97,181.95,181.96,3.0
843,182.19,182.19,182.17,182.2,4.0
844,182.41,182.4,182.4,182.42,1.0
845,182.63,,,182.64,2.0
846,182.85,182.86,182.84,182.85,3.0
847,183.05,183.04,183.04,183.06,4.0
848,183.27,,183.27,183.28,1.0
849,183.48,183.48,183.49,183.48,2.0
850,183.7,183.72,183.69,183.7,3.0
851,183.91,,183.91,183.91,4.0
852,184.14,184.15,184.16,184.14,1.0
853,184.35,184.35,184.36,184.35,2.0
854,184.57,184.58,184.57,184.57,3.0
855,184.78,184.81,184.78,184.78,4.0
856,185.0,185.01,185.01,185.0,1.0
857,185.21,,185.22,185.2,2.0
858,185.42,,185.44,185.42,3.0
859,185.62,185.63,185.66,185.61,4.0
860,185.83,185.83,185.86,185.83,1.0
861,186.04,186.06,186.08,186.03,2.0
862,186.26,186.27,186.28,186.25,3.0
863,186.46,186.49,186.48,186.46,4.0
864,186.68,186.69,186.67,186.68,1.0
865,186.88,186.92,186.9,186.88,2.0
866,187.11,187.12,187.12,187.11,3.0
867,187.32,187.33,187.32,187.32,4.0
868,187.54,187.57,187.53,187.54,1.0
869,187.76,187.78,187.75,187.76,2.0
870,187.97,188.01,187.96,187.96,3.0
871,188.19,188.22,188.19,188.18,4.0
872,188.42,188.43,188.41,188.43,1.0
873,188.64,188.64,188.63,188.65,2.0
874,188.85,188.87,,188.84,3.0
875,189.07,189.06,189.07,189.07,4.0
876,189.29,189.29,189.28,189.3,1.0
877,189.52,189.53,,189.52,2.0
878,189.72,189.73,189.72,189.72,3.0
879,189.94,189.96,189.94,189.93,4.0
880,190.15,190.14,190.15,190.18,1.0
881,190.38,190.36,190.38,190.39,2.0
882,190.58,190.58,190.59,190.59,3.0
883,190.8,190.79,190.78,190.81,4.0
884,191.01,191.01,191.02,191.03,1.0
885,191.24,191.27,191.25,191.23,2.0
886,191.44,191.46,191.43,191.44,3.0
887,191.66,191.7,191.65,191.66,4.0
888,191.87,191.88,,191.88,1.0
889,192.08,192.11,192.07,192.08,2.0
890,192.3,192.31,192.3,192.3,3.0
891,192.52,,192.51,192.52,4.0
892,192.74,,192.75,192.74,1.0
893,192.95,,,192.96,2.0
894,193.16,,193.16,193.17,3.0
895,193.36,,193.37,193.36,4.0
896,193.57,193.56,193.59,193.59,1.0
897,193.78,,,193.78,2.0
898,194.0,194.0,194.01,194.0,3.0
899,194.2,194.23,194.22,194.2,4.0
900,194.43,,194.41,194.43,1.0
901,194.63,,194.62,194.63,2.0
902,194.85,194.85,194.84,194.85,3.0
903,195.06,,195.06,195.07,4.0
904,195.28,195.27,195.28,195.28,1.0
905,195.49,,195.5,195.49,2.0
906,195.7,,195.73,195.7,3.0
907,195.9,195.9,195.92,195.9,4.0
908,196.13,196.13,196.14,196.14,1.0
909,196.34,196.35,196.35,196.35,2.0
910,196.56,,196.57,196.56,3.0
911,196.77,196.76,196.78,196.77,4.0
912,197.0,197.03,197.0,197.01,1.0
913,197.21,197.19,197.19,197.21,2.0
914,197.42,197.4,197.43,197.43,3.0
915,197.63,197.63,197.65,197.63,4.0
916,197.84,197.84,197.83,197.84,1.0
917,198.05,198.05,198.07,198.05,2.0
918,198.27,,198.27,198.28,3.0
919,198.47,198.46,198.5,198.47,4.0
920,198.68,,,198.69,1.0
921,198.89,198.89,198.92,198.89,2.0
922,199.11,199.1,199.12,199.11,3.0
923,199.32,199.33,199.33,199.32,4.0
924,199.53,199.57,199.54,199.54,1.0
925,199.74,199.76,199.76,199.74,2.0
926,199.95,,199.97,199.95,3.0
927,200.16,200.2,200.18,200.16,4.0
928,200.37,200.4,200.39,200.37,1.0
929,200.58,,200.58,200.58,2.0
930,200.8,200.78,200.81,200.8,3.0
931,201.0,201.01,201.01,201.0,4.0
932,201.23,201.25,,201.23,1.0
933,201.43,,201.43,201.43,2.0
934,201.64,201.63,201.64,201.65,3.0
935,201.85,,201.86,201.85,4.0
936,202.07,,202.09,202.07,1.0
937,202.28,202.31,202.3,202.27,2.0
938,202.5,,202.52,202.51,3.0
939,202.7,202.69,202.72,202.71,4.0
940,202.91,202.96,202.93,202.91,1.0
941,203.12,203.17,203.14,203.12,2.0
942,203.33,203.36,203.35,203.33,3.0
943,203.54,203.53,203.58,203.53,4.0
944,203.76,203.76,203.78,203.75,1.0
945,203.96,203.96,,203.96,2.0
946,204.19,204.2,204.21,204.18,3.0
947,204.39,204.41,204.41,204.39,4.0
948,204.62,204.62,204.6,204.62,1.0
949,204.82,204.84,204.83,204.82,2.0
950,205.04,205.05,205.04,205.05,3.0
951,205.24,205.27,205.24,205.24,4.0
952,205.46,205.46,205.47,205.46,1.0
953,205.67,,205.67,205.67,2.0
954,205.88,,205.88,205.89,3.0
955,206.08,206.12,206.09,206.07,4.0
956,206.3,206.33,206.3,206.3,1.0
957,206.5,206.52,206.53,206.5,2.0
958,206.73,206.74,206.75,206.72,3.0
959,206.94,206.95,206.95,206.93,4.0
960,207.15,207.16,207.16,207.16,1.0
961,207.36,207.37,207.36,207.36,2.0
962,207.58,207.59,207.58,207.59,3.0
963,207.78,207.78,207.77,207.78,4.0
964,207.99,207.97,207.98,208.0,1.0
965,208.2,208.24,208.2,208.19,2.0
966,208.42,208.42,208.42,208.42,3.0
967,208.62,208.62,208.62,208.62,4.0
968,208.84,208.86,208.83,208.85,1.0
969,209.05,209.07,209.05,209.05,2.0
970,209.26,209.27,209.25,209.28,3.0
971,209.47,209.46,209.47,209.48,4.0
972,209.68,209.68,209.67,209.7,1.0
973,209.9,209.9,209.9,209.91,2.0
974,210.11,,210.11,210.13,3.0
975,210.32,210.31,210.33,210.33,4.0
976,210.53,210.55,210.53,210.55,1.0
977,210.74,210.77,210.73,210.75,2.0
978,210.95,210.96,210.95,210.95,3.0
979,211.16,211.17,211.16,211.16,4.0
980,211.37,211.4,211.36,211.38,1.0
981,211.58,211.57,211.58,211.58,2.0
982,211.79,211.79,211.81,211.8,3.0
983,212.0,211.98,212.0,212.01,4.0
984,212.2,212.2,212.19,212.22,1.0
985,212.42,212.42,212.4,212.43,2.0
986,212.63,212.64,212.62,212.64,3.0
987,212.84,212.82,212.85,212.85,4.0
988,213.05,213.05,213.06,213.06,1.0
989,213.26,213.28,213.27,213.26,2.0
990,213.47,213.51,213.48,213.47,3.0
991,213.67,213.72,213.66,213.68,4.0
992,213.88,,213.89,213.88,1.0
993,214.1,214.14,214.1,214.1,2.0
994,214.31,214.34,214.31,,3.0
995,214.51,,214.52,214.51,4.0
996,214.72,214.72,214.72,214.72,1.0
997,214.93,,214.93,214.93,2.0
998,215.15,215.19,215.17,215.15,3.0
999,215.36,215.38,215.38,215.36,4.0
1000,215.57,,215.58,215.57,1.0
1001,215.78,215.76,215.78,215.78,2.0
1002,216.0,215.98,215.98,216.0,3.0
1003,216.21,216.23,216.22,216.21,4.0
1004,216.42,216.46,216.41,216.42,1.0
1005,216.63,216.65,216.63,216.62,2.0
1006,216.84,216.82,216.84,216.85,3.0
1007,217.05,,217.07,217.05,4.0
1008,217.26,217.29,217.29,217.27,1.0
1009,217.46,217.46,,217.46,2.0
1010,217.68,,217.7,217.69,3.0
1011,217.88,217.87,,217.88,4.0
1012,218.1,218.11,218.12,218.1,1.0
1013,218.3,218.35,218.34,218.29,2.0
1014,218.51,218.56,218.55,218.51,3.0
1015,218.72,218.74,218.74,218.71,4.0
1016,218.94,218.95,218.95,218.95,1.0
1017,219.15,219.18,,219.15,2.0
1018,219.36,219.41,219.4,219.37,3.0
1019,219.57,219.59,219.58,219.57,4.0
1020,219.78,219.8,,219.78,1.0
1021,219.98,220.03,,219.98,2.0
1022,220.2,220.22,220.22,220.2,3.0
1023,220.4,220.43,220.4,220.4,4.0
1024,220.61,220.66,220.6,220.62,1.0
1025,220.82,220.83,220.82,220.81,2.0
1026,221.03,,221.04,221.02,3.0
1027,221.24,,221.24,221.22,4.0
1028,221.45,221.44,221.45,221.44,1.0
1029,221.66,221.67,221.66,221.64,2.0
1030,221.87,221.91,221.87,221.86,3.0
1031,222.08,222.06,222.08,222.06,4.0
1032,222.29,,222.29,222.28,1.0
1033,222.5,222.48,222.48,222.48,2.0
1034,222.72,222.73,,,3.0
1035,222.94,,222.92,,4.0
1036,223.16,,,,1.0
1037,223.38,,,,2.0
1038,223.61,223.66,,,3.0
1039,223.83,223.85,,223.87,4.0
1040,224.04,,,,1.0
1041,224.27,,,,2.0
1042,224.49,224.54,,,3.0
1043,224.7,,,224.7,4.0
1044,224.93,224.93,224.94,224.97,1.0
1045,225.15,225.15,,225.19,2.0
1046,225.37,,225.4,225.38,3.0
1047,225.58,225.6,225.59,225.57,4.0
1048,225.79,225.79,225.78,225.79,1.0
1049,226.0,226.01,226.0,226.0,2.0
1050,226.21,226.24,226.22,226.21,3.0
1051,226.42,226.44,226.42,226.44,4.0
1052,226.63,226.65,226.62,226.63,1.0
1053,226.84,226.86,226.86,226.86,2.0
1054,227.05,227.08,227.04,227.06,3.0
1055,227.26,,227.27,227.27,4.0
1056,227.47,227.49,227.49,227.47,1.0
1057,227.67,227.67,227.69,227.67,2.0
1058,227.89,227.88,227.9,227.89,3.0
1059,228.09,,228.09,228.08,4.0
1060,228.3,228.31,228.31,228.29,1.0
1061,228.51,228.5,228.51,228.51,2.0
1062,228.72,,228.72,228.7,3.0
1063,228.94,228.93,228.93,228.92,4.0
1064,229.16,,,,1.0
1065,229.38,,,,2.0
1066,229.6,,,,3.0
1067,229.83,229.87,,,4.0
1068,230.04,,,,1.0
1069,230.27,,,,2.0
1070,230.49,230.49,,,3.0
1071,230.71,230.76,,230.71,4.0
1072,230.93,230.93,,,1.0
1073,231.15,231.2,,,2.0
1074,231.37,,231.41,,3.0
1075,231.59,231.62,231.63,231.62,4.0
1076,231.81,231.82,231.84,231.85,1.0
1077,232.02,232.04,232.05,232.05,2.0
1078,232.23,232.25,232.25,232.25,3.0
1079,232.44,232.47,232.46,232.46,4.0
1080,232.65,232.7,232.68,,1.0
1081,232.86,232.91,232.88,232.86,2.0
1082,233.07,233.12,233.09,233.08,3.0
1083,233.27,,233.29,233.27,4.0
1084,233.49,233.54,233.49,233.5,1.0
1085,233.69,233.74,233.69,233.69,2.0
1086,233.9,233.95,233.91,233.9,3.0
1087,234.11,234.16,234.12,234.12,4.0
1088,234.32,234.31,234.32,234.32,1.0
1089,234.53,234.55,234.52,234.53,2.0
1090,234.75,234.78,,234.75,3.0
1091,234.95,235.0,234.95,234.94,4.0
1092,235.16,235.19,235.16,235.17,1.0
1093,235.37,235.38,235.35,235.38,2.0
1094,235.59,,,235.6,3.0
1095,235.79,235.78,235.79,235.8,4.0
1096,236.0,,236.01,236.0,1.0
1097,236.21,,236.22,236.2,2.0
1098,236.43,,236.43,236.44,3.0
1099,236.63,236.61,236.63,236.64,4.0
1100,236.85,236.84,236.83,236.86,1.0
1101,237.06,237.05,237.04,237.06,2.0
1102,237.27,237.27,237.26,237.27,3.0
1103,237.47,237.47,237.47,237.48,4.0
1104,237.69,237.69,237.68,237.71,1.0
1105,237.9,,237.89,237.91,2.0
1106,238.12,,238.1,238.12,3.0
1107,238.33,,238.32,238.33,4.0
1108,238.54,238.53,238.52,238.55,1.0
1109,238.74,238.75,238.74,238.74,2.0
1110,238.96,238.97,238.95,238.96,3.0
1111,239.17,,239.16,239.17,4.0
1112,239.37,239.35,239.37,239.38,1.0
1113,239.59,239.6,239.61,239.58,2.0
1114,239.8,239.8,239.81,239.8,3.0
1115,240.01,240.04,240.01,240.0,4.0
1116,240.22,240.26,240.22,240.22,1.0
1117,240.43,240.46,240.42,240.43,2.0
1118,240.64,240.62,,240.64,3.0
1119,240.86,,,240.86,4.0
1120,241.08,241.09,241.06,241.07,1.0
1121,241.28,241.29,,241.27,2.0
1122,241.49,241.51,,241.48,3.0
1123,241.72,241.72,,241.71,4.0
1124,241.93,241.95,,241.92,1.0
1125,242.13,242.14,242.12,242.13,2.0
1126,242.35,242.4,,242.35,3.0
1127,242.56,242.59,,242.56,4.0
1128,242.79,242.79,,242.79,1.0
1129,243.0,243.0,,243.01,2.0
1130,243.22,243.22,,243.24,3.0
1131,243.42,243.41,,243.43,4.0
1132,243.64,243.64,,243.67,1.0
1133,243.85,,243.84,243.87,2.0
1134,244.06,,244.04,244.07,3.0
1135,244.27,,244.28,244.27,4.0
1136,244.47,,244.48,244.48,1.0
1137,244.68,244.66,244.69,244.68,2.0
1138,244.89,244.89,244.89,244.89,3.0
1139,245.1,245.11,245.13,245.1,4.0
1140,245.32,245.33,,245.32,1.0
1141,245.52,245.52,245.52,245.52,2.0
1142,245.74,245.74,,245.75,3.0
1143,245.95,245.95,245.95,245.95,4.0
